weight = 1.0: 
S_churn=60, S_min=0.1, S_max=5, S_noise=1.006

weight = 1.1: 
S_churn=70, S_min=0.02, S_max=2, S_noise=1.001

weight = 1.2: 
S_churn=90, S_min=0.01, S_max=0.2, S_noise=1.0

Best performance parameters: ('edm_ckpt_2.pth', 90, 0.05, 2, 1.002)
best performance: 0.6253265031187253
auc: 0.7257492564630519
prauc: 0.532361474297817
F1: 0.5440251572327044
accuracy: 0.6991701244813278
MCC: 0.3284947011737027
BA: 0.674039641438406

After refined:
best performance: 0.6375246949435844
auc: 0.7362367671221481
prauc: 0.5433037327578102
F1: 0.5454545454545454
accuracy: 0.725103734439834
MCC: 0.3491091652094169
BA: 0.6778093217695139

best performance: 0.6473920736252754
auc: 0.7350434288497444
prauc: 0.5631009174312923
F1: 0.5166666666666667
accuracy: 0.7747572815533981
MCC: 0.3715559279313364
BA: 0.6783728387044403

error < 0.1:
32.5294,  1.0042,  4.3051,  1.2033, 67.9375,  3.9789,  0.9515
1.9293e+01,  9.7677e-01,  3.7987e+00,  1.4036e+00,  6.2466e+01, 1.6007e+01, -8.8486e-03
